======================================================================
Mistral 7B — Adaptive K-Cache Selection PPL Validation
Date:     Sun Apr 12 11:22:21 PM PDT 2026
Host:     Ryzen
CPU:       AMD Ryzen 7 7735U with Radeon Graphics
Model:    /home/junc/Aulora/bitcoin-node-stack/models/Mistral-7B-Instruct-v0.3-Q4_K_M.gguf
Branch:   feature/tq2-outlier-tiered
Commit:   cecf6180 fix: Phase 3 adaptive K-cache selection — correct timing and base type
======================================================================


====== F16_baseline  (ctk=f16 ctv=f16 frac=.) ======
Started: Sun Apr 12 11:22:22 PM PDT 2026
llama_init_from_model: KV self size  =  256.00 MiB, K (f16):  128.00 MiB, V (f16):  128.00 MiB
[1]4.8213,[2]6.1450,[3]6.6241,[4]6.3433,[5]5.9402,[6]5.6602,[7]5.0360,[8]4.9211,[9]4.8108,[10]4.9734,[11]5.0353,[12]5.0468,[13]5.1271,[14]5.1807,[15]5.2072,[16]5.2636,[17]5.3007,[18]5.3945,[19]5.4248,[20]5.4536,[21]5.3978,[22]5.3698,[23]5.3805,[24]5.4064,[25]5.4625,[26]5.4761,[27]5.4873,[28]5.5157,[29]5.5566,[30]5.6378,[31]5.6543,[32]5.6216,[33]5.6167,[34]5.5708,[35]5.4964,[36]5.4496,[37]5.4545,[38]5.4400,[39]5.3855,[40]5.3153,[41]5.2239,[42]5.1615,[43]5.0805,[44]5.0159,[45]4.9792,[46]4.9852,[47]5.0468,[48]5.1102,[49]5.1566,[50]5.1922,[51]5.2082,[52]5.2361,[53]5.2487,[54]5.2576,[55]5.2239,[56]5.2543,[57]5.2308,[58]5.2084,[59]5.1932,[60]5.1579,[61]5.1393,[62]5.1104,[63]5.0625,[64]5.0433,[65]5.0230,[66]5.0213,[67]5.0382,[68]5.0588,[69]5.0761,[70]5.1147,[71]5.1009,[72]5.0598,[73]5.0647,[74]5.0515,[75]5.0334,[76]5.0202,[77]5.0148,[78]4.9594,[79]4.9495,[80]4.9740,[81]4.9922,[82]4.9930,[83]4.9914,[84]5.0002,[85]5.0029,[86]5.0010,[87]5.0070,[88]5.0234,[89]5.0513,[90]5.0468,[91]5.0309,[92]5.0134,[93]5.0200,[94]5.0030,[95]5.0026,[96]4.9796,[97]4.9768,[98]4.9932,[99]4.9982,[100]5.0040,[101]5.0443,[102]5.0794,[103]5.0980,[104]5.1143,[105]5.1376,[106]5.1530,[107]5.1736,[108]5.1709,[109]5.1791,[110]5.1883,[111]5.1770,[112]5.1797,[113]5.1978,[114]5.1912,[115]5.2007,[116]5.2036,[117]5.1975,[118]5.2103,[119]5.2054,[120]5.2012,[121]5.1909,[122]5.1852,[123]5.1823,[124]5.1893,[125]5.1855,[126]5.2012,[127]5.2042,[128]5.2087,[129]5.2122,[130]5.1987,[131]5.1916,[132]5.2035,[133]5.2086,[134]5.2032,[135]5.1950,[136]5.1873,[137]5.1848,[138]5.1788,[139]5.1796,[140]5.1801,[141]5.1728,[142]5.1668,[143]5.1680,[144]5.1670,[145]5.1588,[146]5.1591,[147]5.1642,[148]5.1688,[149]5.1554,[150]5.1560,[151]5.1509,[152]5.1217,[153]5.1292,[154]5.1360,[155]5.1515,[156]5.1477,[157]5.1475,[158]5.1450,[159]5.1484,[160]5.1627,
Final estimate: PPL over 160 chunks for n_ctx=2048 = 5.1627 +/- 0.02885
Finished: Mon Apr 13 12:50:09 AM PDT 2026


====== TQ2_0_uniform  (ctk=tq2_0 ctv=f16 frac=.) ======
Started: Mon Apr 13 12:50:09 AM PDT 2026
llama_init_from_model: KV self size  =  148.00 MiB, K (tq2_0):   20.00 MiB, V (f16):  128.00 MiB
[1]5.9649,[2]7.4786,[3]8.1534,[4]7.7937,[5]7.2789,[6]6.9617,[7]6.2974,[8]6.1748,[9]6.0403,[10]6.2379,[11]6.3122,[12]6.3365,[13]6.4256,[14]6.4705,[15]6.5091,[16]6.5953,[17]6.6320,[18]6.7581,[19]6.8016,[20]6.8218,[21]6.7405,[22]6.7371,[23]6.7506,[24]6.7891,[25]6.8663,[26]6.8888,[27]6.9118,[28]6.9521,[29]6.9938,[30]7.1033,[31]7.1127,[32]7.0701,[33]7.0625,[34]7.0033,[35]6.9085,[36]6.8445,[37]6.8485,[38]6.8281,[39]6.7638,[40]6.6765,[41]6.5500,[42]6.4595,[43]6.3505,[44]6.2671,[45]6.2152,[46]6.2263,[47]6.3004,[48]6.3713,[49]6.4260,[50]6.4828,[51]6.5036,[52]6.5358,[53]6.5604,[54]6.5709,[55]6.5338,[56]6.5640,[57]6.5413,[58]6.5165,[59]6.4906,[60]6.4387,[61]6.4099,[62]6.3684,[63]6.3024,[64]6.2750,[65]6.2637,[66]6.2655,[67]6.2941,[68]6.3204,[69]6.3427,[70]6.3860,[71]6.3709,[72]6.3160,[73]6.3184,[74]6.2985,[75]6.2724,[76]6.2589,[77]6.2544,[78]6.1925,[79]6.1755,[80]6.2070,[81]6.2282,[82]6.2282,[83]6.2253,[84]6.2303,[85]6.2292,[86]6.2255,[87]6.2347,[88]6.2547,[89]6.2843,[90]6.2749,[91]6.2507,[92]6.2286,[93]6.2382,[94]6.2161,[95]6.2148,[96]6.1873,[97]6.1844,[98]6.2038,[99]6.2075,[100]6.2130,[101]6.2651,[102]6.3095,[103]6.3347,[104]6.3567,[105]6.3889,[106]6.4022,[107]6.4279,[108]6.4268,[109]6.4359,[110]6.4471,[111]6.4313,[112]6.4343,[113]6.4567,[114]6.4474,[115]6.4608,[116]6.4621,[117]6.4561,[118]6.4715,[119]6.4648,[120]6.4583,[121]6.4432,[122]6.4372,[123]6.4329,[124]6.4414,[125]6.4344,[126]6.4571,[127]6.4617,[128]6.4684,[129]6.4762,[130]6.4589,[131]6.4470,[132]6.4656,[133]6.4704,[134]6.4614,[135]6.4498,[136]6.4385,[137]6.4366,[138]6.4282,[139]6.4305,[140]6.4310,[141]6.4252,[142]6.4186,[143]6.4162,[144]6.4163,[145]6.4046,[146]6.4061,[147]6.4117,[148]6.4171,[149]6.4001,[150]6.4057,[151]6.3971,[152]6.3586,[153]6.3696,[154]6.3810,[155]6.4031,[156]6.4009,[157]6.4005,[158]6.3973,[159]6.4039,[160]6.4229,
Final estimate: PPL over 160 chunks for n_ctx=2048 = 6.4229 +/- 0.03616
Finished: Mon Apr 13 02:28:13 AM PDT 2026


====== TQ2_1_uniform  (ctk=tq2_1 ctv=f16 frac=.) ======
Started: Mon Apr 13 02:28:13 AM PDT 2026
llama_init_from_model: KV self size  =  150.00 MiB, K (tq2_1):   22.00 MiB, V (f16):  128.00 MiB
[1]5.5543,[2]6.9725,[3]7.5571,[4]7.2418,[5]6.7367,[6]6.4450,[7]5.8013,[8]5.7108,[9]5.5896,[10]5.7930,[11]5.8669,[12]5.8880,[13]5.9833,[14]6.0364,[15]6.0769,[16]6.1508,[17]6.1818,[18]6.2950,[19]6.3407,[20]6.3606,[21]6.2920,[22]6.2698,[23]6.2825,[24]6.3199,[25]6.3887,[26]6.4099,[27]6.4321,[28]6.4692,[29]6.5043,[30]6.6010,[31]6.6136,[32]6.5685,[33]6.5599,[34]6.5046,[35]6.4149,[36]6.3615,[37]6.3600,[38]6.3339,[39]6.2678,[40]6.1863,[41]6.0724,[42]5.9923,[43]5.8966,[44]5.8207,[45]5.7731,[46]5.7828,[47]5.8532,[48]5.9220,[49]5.9720,[50]6.0250,[51]6.0447,[52]6.0716,[53]6.0904,[54]6.0984,[55]6.0640,[56]6.0983,[57]6.0713,[58]6.0459,[59]6.0247,[60]5.9784,[61]5.9520,[62]5.9165,[63]5.8565,[64]5.8318,[65]5.8214,[66]5.8232,[67]5.8472,[68]5.8697,[69]5.8908,[70]5.9313,[71]5.9154,[72]5.8634,[73]5.8672,[74]5.8498,[75]5.8265,[76]5.8127,[77]5.8080,[78]5.7488,[79]5.7381,[80]5.7674,[81]5.7905,[82]5.7916,[83]5.7904,[84]5.7985,[85]5.7987,[86]5.7949,[87]5.8024,[88]5.8192,[89]5.8491,[90]5.8426,[91]5.8215,[92]5.8015,[93]5.8088,[94]5.7878,[95]5.7861,[96]5.7600,[97]5.7565,[98]5.7749,[99]5.7802,[100]5.7867,[101]5.8322,[102]5.8723,[103]5.8952,[104]5.9141,[105]5.9441,[106]5.9586,[107]5.9821,[108]5.9810,[109]5.9907,[110]6.0010,[111]5.9873,[112]5.9899,[113]6.0121,[114]6.0037,[115]6.0157,[116]6.0171,[117]6.0105,[118]6.0250,[119]6.0179,[120]6.0112,[121]5.9974,[122]5.9910,[123]5.9882,[124]5.9975,[125]5.9923,[126]6.0132,[127]6.0169,[128]6.0223,[129]6.0281,[130]6.0117,[131]5.9990,[132]6.0139,[133]6.0196,[134]6.0113,[135]6.0027,[136]5.9935,[137]5.9904,[138]5.9834,[139]5.9863,[140]5.9866,[141]5.9795,[142]5.9737,[143]5.9738,[144]5.9720,[145]5.9621,[146]5.9638,[147]5.9695,[148]5.9765,[149]5.9607,[150]5.9617,[151]5.9555,[152]5.9218,[153]5.9306,[154]5.9404,[155]5.9595,[156]5.9578,[157]5.9577,[158]5.9554,[159]5.9613,[160]5.9784,
Final estimate: PPL over 160 chunks for n_ctx=2048 = 5.9784 +/- 0.03327
Finished: Mon Apr 13 05:17:24 AM PDT 2026


====== TQ2_0_adaptive  (ctk=tq2_0 ctv=f16 frac=-1) ======
Started: Mon Apr 13 05:17:24 AM PDT 2026
llama_init_from_model: outlier K auto-detect summary: 0%=27 layers, 12.5%=5, 25%=0, 50%=0
llama_init_from_model: adaptive K-cache types: tq2_0=27, tq2_1=5
llama_init_from_model: KV self size  =  148.31 MiB, K (adaptive):   20.31 MiB, V (f16):  128.00 MiB
[1]5.8613,[2]7.3363,[3]8.0484,[4]7.6992,[5]7.1911,[6]6.8739,[7]6.1888,[8]6.0815,[9]5.9388,[10]6.1512,[11]6.2250,[12]6.2654,[13]6.3523,[14]6.3936,[15]6.4292,[16]6.5148,[17]6.5554,[18]6.6711,[19]6.7214,[20]6.7446,[21]6.6670,[22]6.6581,[23]6.6705,[24]6.7060,[25]6.7847,[26]6.8112,[27]6.8281,[28]6.8650,[29]6.9007,[30]7.0160,[31]7.0253,[32]6.9823,[33]6.9728,[34]6.9162,[35]6.8180,[36]6.7551,[37]6.7593,[38]6.7398,[39]6.6701,[40]6.5806,[41]6.4576,[42]6.3671,[43]6.2622,[44]6.1794,[45]6.1288,[46]6.1412,[47]6.2117,[48]6.2823,[49]6.3359,[50]6.3874,[51]6.4064,[52]6.4346,[53]6.4576,[54]6.4697,[55]6.4315,[56]6.4614,[57]6.4370,[58]6.4156,[59]6.3930,[60]6.3414,[61]6.3136,[62]6.2754,[63]6.2111,[64]6.1833,[65]6.1714,[66]6.1731,[67]6.2020,[68]6.2279,[69]6.2501,[70]6.2919,[71]6.2800,[72]6.2273,[73]6.2294,[74]6.2098,[75]6.1837,[76]6.1697,[77]6.1676,[78]6.1087,[79]6.0922,[80]6.1268,[81]6.1489,[82]6.1498,[83]6.1473,[84]6.1529,[85]6.1522,[86]6.1487,[87]6.1573,[88]6.1767,[89]6.2063,[90]6.1955,[91]6.1735,[92]6.1523,[93]6.1622,[94]6.1405,[95]6.1402,[96]6.1111,[97]6.1079,[98]6.1273,[99]6.1297,[100]6.1349,[101]6.1853,[102]6.2302,[103]6.2550,[104]6.2761,[105]6.3076,[106]6.3214,[107]6.3468,[108]6.3439,[109]6.3528,[110]6.3634,[111]6.3479,[112]6.3507,[113]6.3725,[114]6.3628,[115]6.3767,[116]6.3788,[117]6.3733,[118]6.3880,[119]6.3814,[120]6.3750,[121]6.3596,[122]6.3535,[123]6.3493,[124]6.3593,[125]6.3517,[126]6.3734,[127]6.3773,[128]6.3840,[129]6.3916,[130]6.3740,[131]6.3622,[132]6.3806,[133]6.3852,[134]6.3769,[135]6.3654,[136]6.3543,[137]6.3522,[138]6.3445,[139]6.3476,[140]6.3484,[141]6.3429,[142]6.3361,[143]6.3348,[144]6.3345,[145]6.3233,[146]6.3249,[147]6.3298,[148]6.3356,[149]6.3199,[150]6.3247,[151]6.3166,[152]6.2799,[153]6.2911,[154]6.3013,[155]6.3228,[156]6.3203,[157]6.3203,[158]6.3169,[159]6.3224,[160]6.3413,
Final estimate: PPL over 160 chunks for n_ctx=2048 = 6.3413 +/- 0.03566
Finished: Mon Apr 13 07:07:04 AM PDT 2026

======================================================================
All configs complete: Mon Apr 13 07:07:04 AM PDT 2026
======================================================================
