=====================================================================
Metal TQ4/TQ3 Gold-Standard Fill-In — Mistral 7B, 160 chunks
Date:     Wed Jul 15 16:06:06 PDT 2026
Host:     Henrys-MacBook-Air.local
Backend:  Metal GPU (-ngl 99)
Model:    /Users/hchome/LeanInfer/models/Mistral-7B-Instruct-v0.3-Q4_K_M.gguf
Branch:   main
Commit:   0ef8a5f5 docs: restore Mistral Metal overnight script for canonical-dataset re-run
Dataset:  /Users/hchome/Lean_llama.cpp/wikitext-2-raw/wiki.test.raw (md5 7c0137fc034ddbc56a296bce31b4f7fb)
=====================================================================

====== TQ4_0/F16 uniform ======
Started: Wed Jul 15 16:06:06 PDT 2026
llama_init_from_model: KV self size  =  164.00 MiB, K (tq4_0):   36.00 MiB, V (f16):  128.00 MiB
[1]4.8137,[2]6.1473,[3]6.6276,[4]6.3422,[5]5.9453,[6]5.6661,[7]5.0436,[8]4.9285,[9]4.8183,[10]4.9816,[11]5.0437,[12]5.0573,[13]5.1389,[14]5.1945,[15]5.2219,[16]5.2785,[17]5.3159,[18]5.4095,[19]5.4419,[20]5.4703,[21]5.4128,[22]5.3839,[23]5.3962,[24]5.4237,[25]5.4796,[26]5.4937,[27]5.5047,[28]5.5330,[29]5.5721,[30]5.6534,[31]5.6698,[32]5.6367,[33]5.6333,[34]5.5887,[35]5.5149,[36]5.4683,[37]5.4730,[38]5.4583,[39]5.4038,[40]5.3326,[41]5.2399,[42]5.1749,[43]5.0935,[44]5.0291,[45]4.9916,[46]4.9988,[47]5.0605,[48]5.1230,[49]5.1695,[50]5.2049,[51]5.2210,[52]5.2489,[53]5.2619,[54]5.2704,[55]5.2364,[56]5.2664,[57]5.2436,[58]5.2218,[59]5.2061,[60]5.1708,[61]5.1527,[62]5.1231,[63]5.0755,[64]5.0568,[65]5.0381,[66]5.0363,[67]5.0528,[68]5.0739,[69]5.0916,[70]5.1302,[71]5.1167,[72]5.0757,[73]5.0808,[74]5.0673,[75]5.0488,[76]5.0358,[77]5.0304,[78]4.9758,[79]4.9677,[80]4.9920,[81]5.0109,[82]5.0122,[83]5.0104,[84]5.0190,[85]5.0211,[86]5.0189,[87]5.0249,[88]5.0407,[89]5.0677,[90]5.0632,[91]5.0471,[92]5.0295,[93]5.0361,[94]5.0188,[95]5.0185,[96]4.9957,[97]4.9928,[98]5.0093,[99]5.0142,[100]5.0197,[101]5.0603,[102]5.0956,[103]5.1141,[104]5.1303,[105]5.1538,[106]5.1697,[107]5.1905,[108]5.1876,[109]5.1958,[110]5.2053,[111]5.1937,[112]5.1964,[113]5.2147,[114]5.2079,[115]5.2173,[116]5.2199,[117]5.2136,[118]5.2263,[119]5.2212,[120]5.2169,[121]5.2062,[122]5.2007,[123]5.1979,[124]5.2047,[125]5.2010,[126]5.2169,[127]5.2201,[128]5.2246,[129]5.2286,[130]5.2149,[131]5.2078,[132]5.2196,[133]5.2243,[134]5.2188,[135]5.2103,[136]5.2027,[137]5.2003,[138]5.1941,[139]5.1952,[140]5.1957,[141]5.1882,[142]5.1821,[143]5.1832,[144]5.1820,[145]5.1738,[146]5.1742,[147]5.1793,[148]5.1838,[149]5.1702,[150]5.1710,[151]5.1659,[152]5.1368,[153]5.1443,[154]5.1513,[155]5.1667,[156]5.1634,[157]5.1629,[158]5.1601,[159]5.1638,[160]5.1781,
Final estimate: PPL over 160 chunks for n_ctx=2048 = 5.1781 +/- 0.02878
Finished: Wed Jul 15 18:09:06 PDT 2026


====== TQ3_0/F16 uniform ======
Started: Wed Jul 15 18:09:06 PDT 2026
llama_init_from_model: KV self size  =  156.00 MiB, K (tq3_0):   28.00 MiB, V (f16):  128.00 MiB
[1]5.0160,[2]6.3211,[3]6.7733,[4]6.4624,[5]6.0360,[6]5.7563,[7]5.1187,[8]5.0086,[9]4.9027,[10]5.0658,[11]5.1305,[12]5.1368,[13]5.2208,[14]5.2730,[15]5.3030,[16]5.3638,[17]5.3979,[18]5.4953,[19]5.5274,[20]5.5569,[21]5.4973,[22]5.4701,[23]5.4812,[24]5.5108,[25]5.5658,[26]5.5831,[27]5.5985,[28]5.6255,[29]5.6655,[30]5.7470,[31]5.7625,[32]5.7281,[33]5.7227,[34]5.6738,[35]5.5939,[36]5.5441,[37]5.5467,[38]5.5318,[39]5.4773,[40]5.4086,[41]5.3152,[42]5.2504,[43]5.1673,[44]5.1024,[45]5.0641,[46]5.0693,[47]5.1319,[48]5.1942,[49]5.2403,[50]5.2774,[51]5.2939,[52]5.3218,[53]5.3356,[54]5.3448,[55]5.3096,[56]5.3386,[57]5.3139,[58]5.2901,[59]5.2743,[60]5.2385,[61]5.2202,[62]5.1911,[63]5.1421,[64]5.1239,[65]5.1053,[66]5.1046,[67]5.1217,[68]5.1429,[69]5.1600,[70]5.1982,[71]5.1863,[72]5.1433,[73]5.1482,[74]5.1339,[75]5.1152,[76]5.1020,[77]5.0974,[78]5.0413,[79]5.0322,[80]5.0571,[81]5.0746,[82]5.0751,[83]5.0730,[84]5.0818,[85]5.0840,[86]5.0818,[87]5.0879,[88]5.1048,[89]5.1324,[90]5.1274,[91]5.1104,[92]5.0921,[93]5.0983,[94]5.0809,[95]5.0797,[96]5.0566,[97]5.0537,[98]5.0710,[99]5.0770,[100]5.0825,[101]5.1231,[102]5.1592,[103]5.1780,[104]5.1942,[105]5.2188,[106]5.2353,[107]5.2560,[108]5.2527,[109]5.2612,[110]5.2707,[111]5.2584,[112]5.2612,[113]5.2798,[114]5.2735,[115]5.2832,[116]5.2861,[117]5.2803,[118]5.2934,[119]5.2883,[120]5.2837,[121]5.2728,[122]5.2682,[123]5.2656,[124]5.2723,[125]5.2682,[126]5.2844,[127]5.2878,[128]5.2926,[129]5.2966,[130]5.2830,[131]5.2755,[132]5.2879,[133]5.2932,[134]5.2871,[135]5.2787,[136]5.2709,[137]5.2683,[138]5.2624,[139]5.2637,[140]5.2635,[141]5.2563,[142]5.2503,[143]5.2506,[144]5.2494,[145]5.2409,[146]5.2416,[147]5.2463,[148]5.2514,[149]5.2377,[150]5.2381,[151]5.2329,[152]5.2025,[153]5.2097,[154]5.2167,[155]5.2325,[156]5.2289,[157]5.2289,[158]5.2264,[159]5.2298,[160]5.2446,
Final estimate: PPL over 160 chunks for n_ctx=2048 = 5.2446 +/- 0.02906
Finished: Wed Jul 15 20:16:30 PDT 2026

=====================================================================
Both configs complete: Wed Jul 15 20:16:30 PDT 2026
=====================================================================
