======================================================================
Mistral 7B — Metal GPU PPL Validation (160 chunks)
Date:     Mon Apr 13 19:26:04 PDT 2026
Host:     Henrys-MacBook-Air.local
Backend:  Metal GPU (-ngl 99)
Model:    /Users/hchome/LeanInfer/models/Mistral-7B-Instruct-v0.3-Q4_K_M.gguf
Branch:   feature/tq2-outlier-tiered
Commit:   6c121095 feat: Phase 3.5 — V1 adaptive policy with head_dim-aware defaults
======================================================================


====== F16_baseline  (ctk=f16 ctv=f16 frac=.) ======
Started: Mon Apr 13 19:26:04 PDT 2026
llama_init_from_model: KV self size  =  256.00 MiB, K (f16):  128.00 MiB, V (f16):  128.00 MiB
[1]4.8160,[2]6.1509,[3]6.6278,[4]6.3505,[5]5.9486,[6]5.6647,[7]5.0381,[8]4.9228,[9]4.8126,[10]4.9740,[11]5.0359,[12]5.0481,[13]5.1291,[14]5.1825,[15]5.2089,[16]5.2661,[17]5.3030,[18]5.3978,[19]5.4282,[20]5.4552,[21]5.3992,[22]5.3715,[23]5.3829,[24]5.4089,[25]5.4644,[26]5.4782,[27]5.4897,[28]5.5184,[29]5.5593,[30]5.6411,[31]5.6576,[32]5.6241,[33]5.6196,[34]5.5745,[35]5.5001,[36]5.4537,[37]5.4587,[38]5.4440,[39]5.3897,[40]5.3191,[41]5.2281,[42]5.1649,[43]5.0840,[44]5.0196,[45]4.9826,[46]4.9886,[47]5.0503,[48]5.1134,[49]5.1601,[50]5.1958,[51]5.2116,[52]5.2397,[53]5.2525,[54]5.2615,[55]5.2277,[56]5.2581,[57]5.2348,[58]5.2123,[59]5.1972,[60]5.1615,[61]5.1429,[62]5.1138,[63]5.0661,[64]5.0472,[65]5.0272,[66]5.0254,[67]5.0422,[68]5.0630,[69]5.0805,[70]5.1192,[71]5.1055,[72]5.0644,[73]5.0695,[74]5.0562,[75]5.0380,[76]5.0246,[77]5.0193,[78]4.9643,[79]4.9546,[80]4.9793,[81]4.9976,[82]4.9985,[83]4.9969,[84]5.0056,[85]5.0081,[86]5.0062,[87]5.0121,[88]5.0285,[89]5.0560,[90]5.0514,[91]5.0355,[92]5.0179,[93]5.0245,[94]5.0076,[95]5.0072,[96]4.9843,[97]4.9814,[98]4.9979,[99]5.0029,[100]5.0086,[101]5.0489,[102]5.0839,[103]5.1024,[104]5.1186,[105]5.1418,[106]5.1576,[107]5.1782,[108]5.1753,[109]5.1836,[110]5.1929,[111]5.1814,[112]5.1842,[113]5.2022,[114]5.1958,[115]5.2053,[116]5.2081,[117]5.2020,[118]5.2147,[119]5.2098,[120]5.2057,[121]5.1954,[122]5.1898,[123]5.1869,[124]5.1939,[125]5.1902,[126]5.2058,[127]5.2089,[128]5.2134,[129]5.2170,[130]5.2034,[131]5.1964,[132]5.2083,[133]5.2133,[134]5.2080,[135]5.1998,[136]5.1921,[137]5.1897,[138]5.1837,[139]5.1845,[140]5.1850,[141]5.1777,[142]5.1715,[143]5.1728,[144]5.1719,[145]5.1637,[146]5.1641,[147]5.1693,[148]5.1739,[149]5.1604,[150]5.1610,[151]5.1559,[152]5.1266,[153]5.1341,[154]5.1409,[155]5.1564,[156]5.1528,[157]5.1524,[158]5.1499,[159]5.1534,[160]5.1678,
Final estimate: PPL over 160 chunks for n_ctx=2048 = 5.1678 +/- 0.02888
Finished: Mon Apr 13 21:40:58 PDT 2026


====== TQ2_1_uniform  (ctk=tq2_1 ctv=f16 frac=.) ======
Started: Mon Apr 13 21:40:58 PDT 2026
llama_init_from_model: KV self size  =  150.00 MiB, K (tq2_1):   22.00 MiB, V (f16):  128.00 MiB
[1]5.4066,[2]6.8075,[3]7.4194,[4]7.1349,[5]6.6832,[6]6.4097,[7]5.7713,[8]5.6584,[9]5.5540,[10]5.7537,[11]5.8450,[12]5.8661,[13]5.9663,[14]6.0196,[15]6.0661,[16]6.1369,[17]6.1724,[18]6.2794,[19]6.3179,[20]6.3398,[21]6.2735,[22]6.2533,[23]6.2719,[24]6.3110,[25]6.3849,[26]6.4020,[27]6.4258,[28]6.4651,[29]6.4976,[30]6.5953,[31]6.6131,[32]6.5688,[33]6.5634,[34]6.5084,[35]6.4170,[36]6.3623,[37]6.3621,[38]6.3389,[39]6.2766,[40]6.1942,[41]6.0788,[42]5.9986,[43]5.9065,[44]5.8300,[45]5.7803,[46]5.7910,[47]5.8616,[48]5.9326,[49]5.9823,[50]6.0340,[51]6.0531,[52]6.0822,[53]6.1065,[54]6.1170,[55]6.0783,[56]6.1097,[57]6.0819,[58]6.0587,[59]6.0360,[60]5.9893,[61]5.9637,[62]5.9282,[63]5.8679,[64]5.8456,[65]5.8344,[66]5.8371,[67]5.8618,[68]5.8866,[69]5.9059,[70]5.9461,[71]5.9280,[72]5.8764,[73]5.8812,[74]5.8623,[75]5.8396,[76]5.8262,[77]5.8203,[78]5.7611,[79]5.7501,[80]5.7799,[81]5.8023,[82]5.8008,[83]5.7987,[84]5.8074,[85]5.8078,[86]5.8013,[87]5.8097,[88]5.8283,[89]5.8563,[90]5.8482,[91]5.8268,[92]5.8060,[93]5.8124,[94]5.7911,[95]5.7903,[96]5.7646,[97]5.7614,[98]5.7803,[99]5.7850,[100]5.7915,[101]5.8385,[102]5.8799,[103]5.9019,[104]5.9210,[105]5.9500,[106]5.9649,[107]5.9890,[108]5.9877,[109]5.9971,[110]6.0088,[111]5.9957,[112]5.9987,[113]6.0206,[114]6.0122,[115]6.0235,[116]6.0258,[117]6.0205,[118]6.0361,[119]6.0302,[120]6.0245,[121]6.0116,[122]6.0045,[123]6.0007,[124]6.0104,[125]6.0038,[126]6.0243,[127]6.0271,[128]6.0318,[129]6.0374,[130]6.0204,[131]6.0097,[132]6.0244,[133]6.0299,[134]6.0222,[135]6.0123,[136]6.0029,[137]5.9997,[138]5.9931,[139]5.9961,[140]5.9963,[141]5.9894,[142]5.9833,[143]5.9841,[144]5.9835,[145]5.9739,[146]5.9757,[147]5.9805,[148]5.9865,[149]5.9723,[150]5.9741,[151]5.9670,[152]5.9329,[153]5.9417,[154]5.9512,[155]5.9701,[156]5.9677,[157]5.9675,[158]5.9649,[159]5.9713,[160]5.9883,
Final estimate: PPL over 160 chunks for n_ctx=2048 = 5.9883 +/- 0.03334
Finished: Tue Apr 14 00:28:58 PDT 2026


====== V1_adaptive  (ctk=tq2_1 ctv=f16 frac=-1) ======
Started: Tue Apr 14 00:28:58 PDT 2026
llama_init_from_model: outlier K policy: head_dim=128 metric=0 threshold=1.50
llama_init_from_model: outlier K auto-detect summary: 0%=11 layers, 12.5%=10, 25%=9, 50%=2
llama_init_from_model: adaptive K-cache types: tq3_0=2, tq2_0=11, tq2_1=19
llama_init_from_model: KV self size  =  149.69 MiB, K (adaptive):   21.69 MiB, V (f16):  128.00 MiB
[1]5.4895,[2]6.9168,[3]7.5379,[4]7.2558,[5]6.7730,[6]6.4934,[7]5.8435,[8]5.7341,[9]5.6081,[10]5.8062,[11]5.8851,[12]5.9011,[13]5.9997,[14]6.0433,[15]6.0894,[16]6.1547,[17]6.1870,[18]6.3013,[19]6.3535,[20]6.3775,[21]6.3031,[22]6.2873,[23]6.2973,[24]6.3382,[25]6.4077,[26]6.4273,[27]6.4483,[28]6.4890,[29]6.5275,[30]6.6293,[31]6.6444,[32]6.6031,[33]6.5968,[34]6.5366,[35]6.4448,[36]6.3908,[37]6.3901,[38]6.3669,[39]6.3022,[40]6.2184,[41]6.1026,[42]6.0218,[43]5.9253,[44]5.8491,[45]5.8011,[46]5.8114,[47]5.8826,[48]5.9538,[49]6.0064,[50]6.0565,[51]6.0739,[52]6.1030,[53]6.1237,[54]6.1358,[55]6.0983,[56]6.1282,[57]6.1010,[58]6.0774,[59]6.0531,[60]6.0076,[61]5.9814,[62]5.9437,[63]5.8832,[64]5.8601,[65]5.8491,[66]5.8499,[67]5.8747,[68]5.9009,[69]5.9195,[70]5.9609,[71]5.9467,[72]5.8953,[73]5.8996,[74]5.8822,[75]5.8607,[76]5.8476,[77]5.8427,[78]5.7835,[79]5.7749,[80]5.8038,[81]5.8241,[82]5.8237,[83]5.8216,[84]5.8295,[85]5.8295,[86]5.8245,[87]5.8320,[88]5.8490,[89]5.8776,[90]5.8707,[91]5.8494,[92]5.8269,[93]5.8345,[94]5.8120,[95]5.8108,[96]5.7854,[97]5.7833,[98]5.8018,[99]5.8082,[100]5.8140,[101]5.8617,[102]5.9039,[103]5.9254,[104]5.9448,[105]5.9745,[106]5.9887,[107]6.0133,[108]6.0120,[109]6.0200,[110]6.0305,[111]6.0159,[112]6.0180,[113]6.0391,[114]6.0300,[115]6.0417,[116]6.0446,[117]6.0398,[118]6.0547,[119]6.0478,[120]6.0425,[121]6.0301,[122]6.0247,[123]6.0218,[124]6.0311,[125]6.0251,[126]6.0465,[127]6.0504,[128]6.0560,[129]6.0613,[130]6.0453,[131]6.0337,[132]6.0492,[133]6.0553,[134]6.0470,[135]6.0367,[136]6.0264,[137]6.0232,[138]6.0168,[139]6.0196,[140]6.0210,[141]6.0129,[142]6.0069,[143]6.0067,[144]6.0059,[145]5.9955,[146]5.9970,[147]6.0025,[148]6.0097,[149]5.9948,[150]5.9978,[151]5.9921,[152]5.9583,[153]5.9672,[154]5.9767,[155]5.9952,[156]5.9939,[157]5.9934,[158]5.9902,[159]5.9960,[160]6.0135,
Final estimate: PPL over 160 chunks for n_ctx=2048 = 6.0135 +/- 0.03344
Finished: Tue Apr 14 02:46:56 PDT 2026


====== TQ2_0_uniform  (ctk=tq2_0 ctv=f16 frac=.) ======
Started: Tue Apr 14 02:46:56 PDT 2026
llama_init_from_model: KV self size  =  148.00 MiB, K (tq2_0):   20.00 MiB, V (f16):  128.00 MiB
[1]6.0292,[2]7.4963,[3]8.1317,[4]7.8052,[5]7.2853,[6]6.9712,[7]6.2758,[8]6.1676,[9]6.0094,[10]6.2238,[11]6.2985,[12]6.3281,[13]6.4437,[14]6.4844,[15]6.5367,[16]6.6256,[17]6.6559,[18]6.7709,[19]6.8333,[20]6.8562,[21]6.7672,[22]6.7589,[23]6.7705,[24]6.8136,[25]6.8912,[26]6.9035,[27]6.9218,[28]6.9584,[29]6.9982,[30]7.1125,[31]7.1259,[32]7.0695,[33]7.0593,[34]6.9971,[35]6.9034,[36]6.8402,[37]6.8402,[38]6.8145,[39]6.7516,[40]6.6607,[41]6.5370,[42]6.4446,[43]6.3388,[44]6.2573,[45]6.2025,[46]6.2179,[47]6.2923,[48]6.3661,[49]6.4225,[50]6.4757,[51]6.4971,[52]6.5271,[53]6.5532,[54]6.5649,[55]6.5291,[56]6.5584,[57]6.5267,[58]6.5046,[59]6.4785,[60]6.4269,[61]6.3989,[62]6.3608,[63]6.2954,[64]6.2697,[65]6.2546,[66]6.2564,[67]6.2872,[68]6.3126,[69]6.3300,[70]6.3698,[71]6.3556,[72]6.3008,[73]6.3034,[74]6.2825,[75]6.2558,[76]6.2415,[77]6.2381,[78]6.1789,[79]6.1644,[80]6.1961,[81]6.2171,[82]6.2151,[83]6.2118,[84]6.2186,[85]6.2163,[86]6.2117,[87]6.2201,[88]6.2400,[89]6.2688,[90]6.2606,[91]6.2367,[92]6.2144,[93]6.2223,[94]6.1982,[95]6.1970,[96]6.1686,[97]6.1655,[98]6.1862,[99]6.1917,[100]6.1973,[101]6.2499,[102]6.2950,[103]6.3204,[104]6.3434,[105]6.3750,[106]6.3899,[107]6.4141,[108]6.4116,[109]6.4211,[110]6.4316,[111]6.4165,[112]6.4207,[113]6.4436,[114]6.4329,[115]6.4462,[116]6.4482,[117]6.4447,[118]6.4603,[119]6.4546,[120]6.4482,[121]6.4332,[122]6.4267,[123]6.4216,[124]6.4316,[125]6.4248,[126]6.4463,[127]6.4509,[128]6.4586,[129]6.4644,[130]6.4470,[131]6.4351,[132]6.4528,[133]6.4577,[134]6.4493,[135]6.4383,[136]6.4281,[137]6.4243,[138]6.4162,[139]6.4183,[140]6.4188,[141]6.4120,[142]6.4059,[143]6.4038,[144]6.4036,[145]6.3932,[146]6.3938,[147]6.3993,[148]6.4056,[149]6.3905,[150]6.3949,[151]6.3874,[152]6.3508,[153]6.3618,[154]6.3722,[155]6.3928,[156]6.3902,[157]6.3893,[158]6.3864,[159]6.3918,[160]6.4120,
Final estimate: PPL over 160 chunks for n_ctx=2048 = 6.4120 +/- 0.03597
Finished: Tue Apr 14 04:26:15 PDT 2026

======================================================================
All configs complete: Tue Apr 14 04:26:15 PDT 2026
======================================================================
